0.000 0.000 0.000 0.000 0.000 0.000 0.000 0.000 0.000 0.000 0.000 0.000 0.000 0.000 0.000 0.000 0.000 0.000 0.000 0.000 0.000 0.000 0.000 0.000 0.000 0.000 0.000 0.000 0.000 0.000 0.000 0.000 0.000 0.000 0.000 0.000 0.000 0.000 0.000 0.000 0.000 0.000 0.000 0.000 0.000 0.000 0.000 0.000 0.000 0.000 0.000 0.000 0.000 0.000 0.000 0.000 0.000 0.000 0.000 0.000  
0.000 0.000 0.000 0.000 0.000 0.000 0.000 0.000 0.000 0.000 0.000 0.000 0.000 0.000 0.000 0.000 0.000 0.000 0.000 0.000 0.000 0.000 0.000 0.001 0.001 0.001 0.001 0.001 0.000 0.000 0.000 0.000 0.000 0.000 0.000 0.000 0.000 0.000 0.000 0.000 0.000 0.000 0.000 0.000 0.000 0.000 0.000 0.000 0.000 0.000 0.000 0.000 0.000 0.000 0.000 0.000 0.000 0.000 0.000 0.000  
0.000 0.000 0.000 0.000 0.000 0.000 0.000 0.000 0.000 0.000 0.000 0.000 0.000 0.000 0.000 0.000 0.000 0.001 0.001 0.001 0.002 0.002 0.002 0.002 0.002 0.002 0.002 0.002 0.002 0.002 0.002 0.001 0.001 0.001 0.000 0.000 0.000 0.000 0.000 0.000 0.000 0.000 0.000 0.000 0.000 0.000 0.000 0.000 0.000 0.000 0.000 0.000 0.000 0.000 0.000 0.000 0.000 0.000 0.000 0.000  
0.000 0.000 0.000 0.000 0.000 0.000 0.000 0.000 0.000 0.000 0.000 0.000 0.000 0.000 0.001 0.001 0.002 0.002 0.003 0.004 0.005 0.006 0.007 0.007 0.008 0.008 0.008 0.007 0.007 0.006 0.005 0.004 0.003 0.002 0.002 0.001 0.001 0.000 0.000 0.000 0.000 0.000 0.000 0.000 0.000 0.000 0.000 0.000 0.000 0.000 0.000 0.000 0.000 0.000 0.000 0.000 0.000 0.000 0.000 0.000  
0.000 0.000 0.000 0.000 0.000 0.000 0.000 0.000 0.000 0.000 0.000 0.000 0.001 0.001 0.002 0.003 0.005 0.006 0.008 0.010 0.013 0.015 0.016 0.018 0.018 0.019 0.018 0.018 0.016 0.015 0.013 0.010 0.008 0.006 0.005 0.003 0.002 0.001 0.001 0.000 0.000 0.000 0.000 0.000 0.000 0.000 0.000 0.000 0.000 0.000 0.000 0.000 0.000 0.000 0.000 0.000 0.000 0.000 0.000 0.000  
0.000 0.000 0.000 0.000 0.000 0.000 0.000 0.000 0.000 0.000 0.000 0.001 0.002 0.003 0.005 0.008 0.011 0.014 0.018 0.022 0.026 0.030 0.033 0.035 0.037 0.037 0.037 0.035 0.033 0.030 0.026 0.022 0.018 0.014 0.011 0.008 0.005 0.003 0.002 0.001 0.000 0.000 0.000 0.000 0.000 0.000 0.000 0.000 0.000 0.000 0.000 0.000 0.000 0.000 0.000 0.000 0.000 0.000 0.000 0.000  
0.000 0.000 0.000 0.000 0.000 0.000 0.000 0.000 0.000 0.001 0.001 0.002 0.004 0.007 0.011 0.015 0.021 0.027 0.033 0.040 0.046 0.052 0.057 0.061 0.063 0.064 0.063 0.061 0.057 0.052 0.046 0.040 0.033 0.027 0.021 0.015 0.011 0.007 0.004 0.002 0.001 0.001 0.000 0.000 0.000 0.000 0.000 0.000 0.000 0.000 0.000 0.000 0.000 0.000 0.000 0.000 0.000 0.000 0.000 0.000  
0.000 0.000 0.000 0.000 0.000 0.000 0.000 0.000 0.001 0.001 0.003 0.005 0.009 0.013 0.019 0.027 0.036 0.046 0.056 0.065 0.075 0.083 0.089 0.094 0.097 0.098 0.097 0.094 0.089 0.083 0.075 0.065 0.056 0.046 0.036 0.027 0.019 0.013 0.009 0.005 0.003 0.001 0.001 0.000 0.000 0.000 0.000 0.000 0.000 0.000 0.000 0.000 0.000 0.000 0.000 0.000 0.000 0.000 0.000 0.000  
0.000 0.000 0.000 0.000 0.000 0.000 0.000 0.001 0.001 0.003 0.006 0.010 0.016 0.023 0.033 0.045 0.058 0.071 0.085 0.098 0.109 0.118 0.126 0.131 0.135 0.136 0.135 0.131 0.126 0.118 0.109 0.098 0.085 0.071 0.058 0.045 0.033 0.023 0.016 0.010 0.006 0.003 0.001 0.001 0.000 0.000 0.000 0.000 0.000 0.000 0.000 0.000 0.000 0.000 0.000 0.000 0.000 0.000 0.000 0.000  
0.000 0.000 0.000 0.000 0.000 0.000 0.001 0.001 0.003 0.006 0.011 0.017 0.026 0.038 0.053 0.069 0.086 0.103 0.119 0.134 0.146 0.155 0.163 0.168 0.171 0.172 0.171 0.168 0.163 0.155 0.146 0.134 0.119 0.103 0.086 0.069 0.053 0.038 0.026 0.017 0.011 0.006 0.003 0.001 0.001 0.000 0.000 0.000 0.000 0.000 0.000 0.000 0.000 0.000 0.000 0.000 0.000 0.000 0.000 0.000  
0.000 0.000 0.000 0.000 0.000 0.000 0.001 0.003 0.006 0.011 0.018 0.028 0.042 0.059 0.078 0.098 0.119 0.138 0.154 0.168 0.179 0.187 0.192 0.196 0.198 0.198 0.198 0.196 0.192 0.187 0.179 0.168 0.154 0.138 0.119 0.098 0.078 0.059 0.042 0.028 0.018 0.011 0.006 0.003 0.001 0.000 0.000 0.000 0.000 0.000 0.000 0.000 0.000 0.000 0.000 0.000 0.000 0.000 0.000 0.000  
0.000 0.000 0.000 0.000 0.000 0.001 0.002 0.005 0.010 0.017 0.028 0.043 0.062 0.083 0.107 0.130 0.152 0.170 0.184 0.195 0.202 0.206 0.208 0.209 0.209 0.209 0.209 0.209 0.208 0.206 0.202 0.195 0.184 0.170 0.152 0.130 0.107 0.083 0.062 0.043 0.028 0.017 0.010 0.005 0.002 0.001 0.000 0.000 0.000 0.000 0.000 0.000 0.000 0.000 0.000 0.000 0.000 0.000 0.000 0.000  
0.000 0.000 0.000 0.000 0.001 0.002 0.004 0.009 0.016 0.026 0.042 0.062 0.085 0.111 0.137 0.161 0.180 0.195 0.204 0.209 0.210 0.209 0.207 0.205 0.204 0.203 0.204 0.205 0.207 0.209 0.210 0.209 0.204 0.195 0.180 0.161 0.137 0.111 0.085 0.062 0.042 0.026 0.016 0.009 0.004 0.002 0.001 0.000 0.000 0.000 0.000 0.000 0.000 0.000 0.000 0.000 0.000 0.000 0.000 0.000  
0.000 0.000 0.000 0.000 0.001 0.003 0.007 0.013 0.023 0.038 0.059 0.083 0.111 0.140 0.166 0.186 0.200 0.208 0.210 0.208 0.203 0.197 0.191 0.187 0.184 0.183 0.184 0.187 0.191 0.197 0.203 0.208 0.210 0.208 0.200 0.186 0.166 0.140 0.111 0.083 0.059 0.038 0.023 0.013 0.007 0.003 0.001 0.000 0.000 0.000 0.000 0.000 0.000 0.000 0.000 0.000 0.000 0.000 0.000 0.000  
0.000 0.000 0.000 0.001 0.002 0.005 0.011 0.019 0.033 0.053 0.078 0.107 0.137 0.166 0.188 0.203 0.209 0.209 0.203 0.194 0.184 0.175 0.167 0.161 0.157 0.156 0.157 0.161 0.167 0.175 0.184 0.194 0.203 0.209 0.209 0.203 0.188 0.166 0.137 0.107 0.078 0.053 0.033 0.020 0.011 0.005 0.002 0.001 0.000 0.000 0.000 0.000 0.000 0.000 0.000 0.000 0.000 0.000 0.000 0.000  
0.000 0.000 0.000 0.001 0.003 0.008 0.015 0.027 0.045 0.069 0.098 0.130 0.161 0.186 0.203 0.210 0.208 0.199 0.187 0.173 0.160 0.149 0.140 0.133 0.130 0.128 0.130 0.133 0.140 0.149 0.160 0.173 0.187 0.199 0.208 0.210 0.203 0.186 0.161 0.130 0.098 0.069 0.045 0.027 0.015 0.008 0.004 0.002 0.001 0.000 0.000 0.000 0.000 0.000 0.000 0.000 0.000 0.000 0.000 0.000  
0.000 0.000 0.000 0.002 0.005 0.011 0.021 0.036 0.058 0.086 0.119 0.152 0.180 0.200 0.209 0.208 0.198 0.183 0.166 0.150 0.136 0.124 0.116 0.110 0.106 0.105 0.106 0.110 0.116 0.124 0.136 0.150 0.166 0.183 0.198 0.208 0.209 0.200 0.180 0.152 0.119 0.086 0.058 0.036 0.021 0.011 0.005 0.002 0.001 0.000 0.000 0.000 0.000 0.000 0.000 0.000 0.000 0.000 0.000 0.000  
0.000 0.000 0.001 0.002 0.006 0.014 0.027 0.046 0.071 0.103 0.138 0.170 0.195 0.208 0.209 0.199 0.183 0.163 0.145 0.128 0.114 0.104 0.096 0.091 0.088 0.087 0.088 0.091 0.096 0.104 0.114 0.128 0.145 0.163 0.183 0.199 0.209 0.208 0.195 0.170 0.138 0.103 0.071 0.046 0.027 0.015 0.008 0.003 0.001 0.000 0.000 0.000 0.000 0.000 0.000 0.000 0.000 0.000 0.000 0.000  
0.000 0.000 0.001 0.003 0.008 0.018 0.033 0.056 0.085 0.119 0.154 0.184 0.204 0.210 0.203 0.187 0.166 0.145 0.125 0.110 0.097 0.088 0.082 0.078 0.076 0.075 0.076 0.078 0.082 0.088 0.097 0.110 0.125 0.145 0.166 0.187 0.203 0.210 0.204 0.184 0.154 0.119 0.085 0.056 0.034 0.019 0.010 0.005 0.002 0.001 0.000 0.000 0.000 0.000 0.000 0.000 0.000 0.000 0.000 0.000  
0.000 0.000 0.001 0.004 0.010 0.022 0.040 0.065 0.098 0.134 0.168 0.195 0.209 0.208 0.194 0.173 0.150 0.128 0.110 0.095 0.085 0.077 0.072 0.068 0.066 0.066 0.066 0.068 0.072 0.077 0.085 0.095 0.110 0.128 0.150 0.173 0.194 0.208 0.209 0.195 0.168 0.134 0.098 0.066 0.041 0.023 0.012 0.006 0.003 0.001 0.000 0.000 0.000 0.000 0.000 0.000 0.000 0.000 0.000 0.000  
0.000 0.000 0.002 0.005 0.013 0.026 0.046 0.075 0.109 0.146 0.179 0.202 0.210 0.203 0.184 0.160 0.136 0.114 0.097 0.085 0.076 0.069 0.064 0.061 0.059 0.058 0.059 0.061 0.064 0.069 0.076 0.085 0.097 0.114 0.136 0.160 0.184 0.203 0.210 0.202 0.179 0.146 0.109 0.075 0.047 0.027 0.015 0.007 0.003 0.001 0.000 0.000 0.000 0.000 0.000 0.000 0.000 0.000 0.000 0.000  
0.000 0.000 0.002 0.006 0.015 0.030 0.052 0.083 0.118 0.155 0.187 0.206 0.209 0.197 0.175 0.149 0.124 0.104 0.088 0.077 0.069 0.063 0.059 0.055 0.053 0.052 0.053 0.055 0.059 0.063 0.069 0.077 0.088 0.104 0.124 0.149 0.175 0.197 0.209 0.206 0.187 0.155 0.119 0.083 0.053 0.031 0.017 0.009 0.004 0.002 0.001 0.000 0.000 0.000 0.000 0.000 0.000 0.000 0.000 0.000  
0.000 0.000 0.002 0.007 0.016 0.033 0.057 0.089 0.126 0.163 0.192 0.208 0.207 0.191 0.167 0.140 0.116 0.096 0.082 0.072 0.064 0.059 0.054 0.050 0.047 0.046 0.047 0.050 0.054 0.059 0.064 0.072 0.082 0.096 0.116 0.140 0.167 0.191 0.207 0.208 0.192 0.163 0.126 0.089 0.058 0.035 0.019 0.010 0.004 0.002 0.001 0.000 0.000 0.000 0.000 0.000 0.000 0.000 0.000 0.000  
0.000 0.001 0.002 0.007 0.018 0.035 0.061 0.094 0.131 0.168 0.196 0.209 0.205 0.187 0.161 0.133 0.110 0.091 0.078 0.068 0.061 0.055 0.050 0.045 0.041 0.038 0.041 0.045 0.050 0.055 0.061 0.068 0.078 0.091 0.110 0.133 0.161 0.187 0.205 0.209 0.196 0.168 0.131 0.094 0.062 0.037 0.021 0.011 0.005 0.002 0.001 0.000 0.000 0.000 0.000 0.000 0.000 0.000 0.000 0.000  
0.000 0.001 0.002 0.008 0.018 0.037 0.063 0.097 0.135 0.171 0.198 0.209 0.204 0.184 0.157 0.130 0.106 0.088 0.076 0.066 0.059 0.053 0.047 0.041 0.033 0.026 0.033 0.041 0.047 0.053 0.059 0.066 0.076 0.088 0.106 0.130 0.157 0.184 0.204 0.209 0.198 0.171 0.135 0.097 0.064 0.039 0.022 0.011 0.005 0.002 0.001 0.000 0.000 0.000 0.000 0.000 0.000 0.000 0.000 0.000  
0.000 0.001 0.002 0.008 0.019 0.037 0.064 0.098 0.136 0.172 0.198 0.209 0.203 0.183 0.156 0.128 0.105 0.087 0.075 0.066 0.058 0.052 0.046 0.038 0.026 0.000 0.026 0.038 0.046 0.052 0.058 0.066 0.075 0.087 0.105 0.128 0.156 0.183 0.203 0.209 0.198 0.172 0.136 0.098 0.065 0.039 0.022 0.011 0.005 0.002 0.001 0.000 0.000 0.000 0.000 0.000 0.000 0.000 0.000 0.000  
0.000 0.001 0.002 0.008 0.018 0.037 0.063 0.097 0.135 0.171 0.198 0.209 0.204 0.184 0.157 0.130 0.106 0.088 0.076 0.066 0.059 0.053 0.047 0.041 0.033 0.026 0.033 0.041 0.047 0.053 0.059 0.066 0.076 0.088 0.106 0.130 0.157 0.184 0.204 0.209 0.198 0.171 0.135 0.097 0.064 0.039 0.022 0.011 0.005 0.002 0.001 0.000 0.000 0.000 0.000 0.000 0.000 0.000 0.000 0.000  
0.000 0.001 0.002 0.007 0.018 0.035 0.061 0.094 0.131 0.168 0.196 0.209 0.205 0.187 0.161 0.133 0.110 0.091 0.078 0.068 0.061 0.055 0.050 0.045 0.041 0.038 0.041 0.045 0.050 0.055 0.061 0.068 0.078 0.091 0.110 0.133 0.161 0.187 0.205 0.209 0.196 0.168 0.131 0.094 0.062 0.037 0.021 0.011 0.005 0.002 0.001 0.000 0.000 0.000 0.000 0.000 0.000 0.000 0.000 0.000  
0.000 0.000 0.002 0.007 0.016 0.033 0.057 0.089 0.126 0.163 0.192 0.208 0.207 0.191 0.167 0.140 0.116 0.096 0.082 0.072 0.064 0.059 0.054 0.050 0.047 0.046 0.047 0.050 0.054 0.059 0.064 0.072 0.082 0.096 0.116 0.140 0.167 0.191 0.207 0.208 0.192 0.163 0.126 0.089 0.058 0.035 0.019 0.010 0.004 0.002 0.001 0.000 0.000 0.000 0.000 0.000 0.000 0.000 0.000 0.000  
0.000 0.000 0.002 0.006 0.015 0.030 0.052 0.083 0.118 0.155 0.187 0.206 0.209 0.197 0.175 0.149 0.124 0.104 0.088 0.077 0.069 0.063 0.059 0.055 0.053 0.052 0.053 0.055 0.059 0.063 0.069 0.077 0.088 0.104 0.124 0.149 0.175 0.197 0.209 0.206 0.187 0.155 0.119 0.083 0.053 0.031 0.017 0.009 0.004 0.002 0.001 0.000 0.000 0.000 0.000 0.000 0.000 0.000 0.000 0.000  
0.000 0.000 0.002 0.005 0.013 0.026 0.046 0.075 0.109 0.146 0.179 0.202 0.210 0.203 0.184 0.160 0.136 0.114 0.097 0.085 0.076 0.069 0.064 0.061 0.059 0.058 0.059 0.061 0.064 0.069 0.076 0.085 0.097 0.114 0.136 0.160 0.184 0.203 0.210 0.202 0.179 0.146 0.109 0.075 0.047 0.027 0.015 0.007 0.003 0.001 0.000 0.000 0.000 0.000 0.000 0.000 0.000 0.000 0.000 0.000  
0.000 0.000 0.001 0.004 0.010 0.022 0.040 0.065 0.098 0.134 0.168 0.195 0.209 0.208 0.194 0.173 0.150 0.128 0.110 0.095 0.085 0.077 0.072 0.068 0.066 0.066 0.066 0.068 0.072 0.077 0.085 0.095 0.110 0.128 0.150 0.173 0.194 0.208 0.209 0.195 0.168 0.134 0.098 0.066 0.041 0.023 0.012 0.006 0.003 0.001 0.000 0.000 0.000 0.000 0.000 0.000 0.000 0.000 0.000 0.000  
0.000 0.000 0.001 0.003 0.008 0.018 0.033 0.056 0.085 0.119 0.154 0.184 0.204 0.210 0.203 0.187 0.166 0.145 0.125 0.110 0.097 0.088 0.082 0.078 0.076 0.075 0.076 0.078 0.082 0.088 0.097 0.110 0.125 0.145 0.166 0.187 0.203 0.210 0.204 0.184 0.154 0.119 0.085 0.056 0.034 0.019 0.010 0.005 0.002 0.001 0.000 0.000 0.000 0.000 0.000 0.000 0.000 0.000 0.000 0.000  
0.000 0.000 0.001 0.002 0.006 0.014 0.027 0.046 0.071 0.103 0.138 0.170 0.195 0.208 0.209 0.199 0.183 0.163 0.145 0.128 0.114 0.104 0.096 0.091 0.088 0.087 0.088 0.091 0.096 0.104 0.114 0.128 0.145 0.163 0.183 0.199 0.209 0.208 0.195 0.170 0.138 0.103 0.071 0.046 0.027 0.015 0.008 0.003 0.001 0.000 0.000 0.000 0.000 0.000 0.000 0.000 0.000 0.000 0.000 0.000  
0.000 0.000 0.000 0.002 0.005 0.011 0.021 0.036 0.058 0.086 0.119 0.152 0.180 0.200 0.209 0.208 0.198 0.183 0.166 0.150 0.136 0.124 0.116 0.110 0.106 0.105 0.106 0.110 0.116 0.124 0.136 0.150 0.166 0.183 0.198 0.208 0.209 0.200 0.180 0.152 0.119 0.086 0.058 0.036 0.021 0.011 0.005 0.002 0.001 0.000 0.000 0.000 0.000 0.000 0.000 0.000 0.000 0.000 0.000 0.000  
0.000 0.000 0.000 0.001 0.003 0.008 0.015 0.027 0.045 0.069 0.098 0.130 0.161 0.186 0.203 0.210 0.208 0.199 0.187 0.173 0.160 0.149 0.140 0.133 0.130 0.128 0.130 0.133 0.140 0.149 0.160 0.173 0.187 0.199 0.208 0.210 0.203 0.186 0.161 0.130 0.098 0.069 0.045 0.027 0.015 0.008 0.004 0.002 0.001 0.000 0.000 0.000 0.000 0.000 0.000 0.000 0.000 0.000 0.000 0.000  
0.000 0.000 0.000 0.001 0.002 0.005 0.011 0.019 0.033 0.053 0.078 0.107 0.137 0.166 0.188 0.203 0.209 0.209 0.203 0.194 0.184 0.175 0.167 0.161 0.157 0.156 0.157 0.161 0.167 0.175 0.184 0.194 0.203 0.209 0.209 0.203 0.188 0.166 0.137 0.107 0.078 0.053 0.033 0.020 0.011 0.005 0.002 0.001 0.000 0.000 0.000 0.000 0.000 0.000 0.000 0.000 0.000 0.000 0.000 0.000  
0.000 0.000 0.000 0.000 0.001 0.003 0.007 0.013 0.023 0.038 0.059 0.083 0.111 0.140 0.166 0.186 0.200 0.208 0.210 0.208 0.203 0.197 0.191 0.187 0.184 0.183 0.184 0.187 0.191 0.197 0.203 0.208 0.210 0.208 0.200 0.186 0.166 0.140 0.111 0.083 0.059 0.038 0.023 0.013 0.007 0.003 0.001 0.000 0.000 0.000 0.000 0.000 0.000 0.000 0.000 0.000 0.000 0.000 0.000 0.000  
0.000 0.000 0.000 0.000 0.001 0.002 0.004 0.009 0.016 0.026 0.042 0.062 0.085 0.111 0.137 0.161 0.180 0.195 0.204 0.209 0.210 0.209 0.207 0.205 0.204 0.203 0.204 0.205 0.207 0.209 0.210 0.209 0.204 0.195 0.180 0.161 0.137 0.111 0.085 0.062 0.042 0.026 0.016 0.009 0.004 0.002 0.001 0.000 0.000 0.000 0.000 0.000 0.000 0.000 0.000 0.000 0.000 0.000 0.000 0.000  
0.000 0.000 0.000 0.000 0.000 0.001 0.002 0.005 0.010 0.017 0.028 0.043 0.062 0.083 0.107 0.130 0.152 0.170 0.184 0.195 0.202 0.206 0.208 0.209 0.209 0.209 0.209 0.209 0.208 0.206 0.202 0.195 0.184 0.170 0.152 0.130 0.107 0.083 0.062 0.043 0.028 0.017 0.010 0.005 0.002 0.001 0.000 0.000 0.000 0.000 0.000 0.000 0.000 0.000 0.000 0.000 0.000 0.000 0.000 0.000  
0.000 0.000 0.000 0.000 0.000 0.000 0.001 0.003 0.006 0.011 0.018 0.028 0.042 0.059 0.078 0.098 0.119 0.138 0.154 0.168 0.179 0.187 0.192 0.196 0.198 0.198 0.198 0.196 0.192 0.187 0.179 0.168 0.154 0.138 0.119 0.098 0.078 0.059 0.042 0.028 0.018 0.011 0.006 0.003 0.001 0.000 0.000 0.000 0.000 0.000 0.000 0.000 0.000 0.000 0.000 0.000 0.000 0.000 0.000 0.000  
0.000 0.000 0.000 0.000 0.000 0.000 0.001 0.001 0.003 0.006 0.011 0.017 0.026 0.038 0.053 0.069 0.086 0.103 0.119 0.134 0.146 0.155 0.163 0.168 0.171 0.172 0.171 0.168 0.163 0.155 0.146 0.134 0.119 0.103 0.086 0.069 0.053 0.038 0.026 0.017 0.011 0.006 0.003 0.001 0.001 0.000 0.000 0.000 0.000 0.000 0.000 0.000 0.000 0.000 0.000 0.000 0.000 0.000 0.000 0.000  
0.000 0.000 0.000 0.000 0.000 0.000 0.000 0.001 0.001 0.003 0.006 0.010 0.016 0.023 0.033 0.045 0.058 0.071 0.085 0.098 0.109 0.119 0.126 0.131 0.135 0.136 0.135 0.131 0.126 0.119 0.109 0.098 0.085 0.071 0.058 0.045 0.033 0.023 0.016 0.010 0.006 0.003 0.001 0.001 0.000 0.000 0.000 0.000 0.000 0.000 0.000 0.000 0.000 0.000 0.000 0.000 0.000 0.000 0.000 0.000  
0.000 0.000 0.000 0.000 0.000 0.000 0.000 0.000 0.001 0.001 0.003 0.005 0.009 0.013 0.020 0.027 0.036 0.046 0.056 0.066 0.075 0.083 0.089 0.094 0.097 0.098 0.097 0.094 0.089 0.083 0.075 0.066 0.056 0.046 0.036 0.027 0.020 0.013 0.009 0.005 0.003 0.001 0.001 0.000 0.000 0.000 0.000 0.000 0.000 0.000 0.000 0.000 0.000 0.000 0.000 0.000 0.000 0.000 0.000 0.000  
0.000 0.000 0.000 0.000 0.000 0.000 0.000 0.000 0.000 0.001 0.001 0.002 0.004 0.007 0.011 0.015 0.021 0.027 0.034 0.041 0.047 0.053 0.058 0.062 0.064 0.065 0.064 0.062 0.058 0.053 0.047 0.041 0.034 0.027 0.021 0.015 0.011 0.007 0.004 0.002 0.001 0.001 0.000 0.000 0.000 0.000 0.000 0.000 0.000 0.000 0.000 0.000 0.000 0.000 0.000 0.000 0.000 0.000 0.000 0.000  
0.000 0.000 0.000 0.000 0.000 0.000 0.000 0.000 0.000 0.000 0.000 0.001 0.002 0.003 0.005 0.008 0.011 0.015 0.019 0.023 0.027 0.031 0.035 0.037 0.039 0.039 0.039 0.037 0.035 0.031 0.027 0.023 0.019 0.015 0.011 0.008 0.005 0.003 0.002 0.001 0.000 0.000 0.000 0.000 0.000 0.000 0.000 0.000 0.000 0.000 0.000 0.000 0.000 0.000 0.000 0.000 0.000 0.000 0.000 0.000  
0.000 0.000 0.000 0.000 0.000 0.000 0.000 0.000 0.000 0.000 0.000 0.000 0.001 0.001 0.002 0.004 0.005 0.008 0.010 0.012 0.015 0.017 0.019 0.021 0.022 0.022 0.022 0.021 0.019 0.017 0.015 0.012 0.010 0.008 0.005 0.004 0.002 0.001 0.001 0.000 0.000 0.000 0.000 0.000 0.000 0.000 0.000 0.000 0.000 0.000 0.000 0.000 0.000 0.000 0.000 0.000 0.000 0.000 0.000 0.000  
0.000 0.000 0.000 0.000 0.000 0.000 0.000 0.000 0.000 0.000 0.000 0.000 0.000 0.000 0.001 0.002 0.002 0.003 0.005 0.006 0.007 0.009 0.010 0.011 0.011 0.011 0.011 0.011 0.010 0.009 0.007 0.006 0.005 0.003 0.002 0.002 0.001 0.000 0.000 0.000 0.000 0.000 0.000 0.000 0.000 0.000 0.000 0.000 0.000 0.000 0.000 0.000 0.000 0.000 0.000 0.000 0.000 0.000 0.000 0.000  
0.000 0.000 0.000 0.000 0.000 0.000 0.000 0.000 0.000 0.000 0.000 0.000 0.000 0.000 0.000 0.001 0.001 0.001 0.002 0.003 0.003 0.004 0.004 0.005 0.005 0.005 0.005 0.005 0.004 0.004 0.003 0.003 0.002 0.001 0.001 0.001 0.000 0.000 0.000 0.000 0.000 0.000 0.000 0.000 0.000 0.000 0.000 0.000 0.000 0.000 0.000 0.000 0.000 0.000 0.000 0.000 0.000 0.000 0.000 0.000  
0.000 0.000 0.000 0.000 0.000 0.000 0.000 0.000 0.000 0.000 0.000 0.000 0.000 0.000 0.000 0.000 0.000 0.000 0.001 0.001 0.001 0.002 0.002 0.002 0.002 0.002 0.002 0.002 0.002 0.002 0.001 0.001 0.001 0.000 0.000 0.000 0.000 0.000 0.000 0.000 0.000 0.000 0.000 0.000 0.000 0.000 0.000 0.000 0.000 0.000 0.000 0.000 0.000 0.000 0.000 0.000 0.000 0.000 0.000 0.000  
0.000 0.000 0.000 0.000 0.000 0.000 0.000 0.000 0.000 0.000 0.000 0.000 0.000 0.000 0.000 0.000 0.000 0.000 0.000 0.000 0.000 0.001 0.001 0.001 0.001 0.001 0.001 0.001 0.001 0.001 0.000 0.000 0.000 0.000 0.000 0.000 0.000 0.000 0.000 0.000 0.000 0.000 0.000 0.000 0.000 0.000 0.000 0.000 0.000 0.000 0.000 0.000 0.000 0.000 0.000 0.000 0.000 0.000 0.000 0.000  
0.000 0.000 0.000 0.000 0.000 0.000 0.000 0.000 0.000 0.000 0.000 0.000 0.000 0.000 0.000 0.000 0.000 0.000 0.000 0.000 0.000 0.000 0.000 0.000 0.000 0.000 0.000 0.000 0.000 0.000 0.000 0.000 0.000 0.000 0.000 0.000 0.000 0.000 0.000 0.000 0.000 0.000 0.000 0.000 0.000 0.000 0.000 0.000 0.000 0.000 0.000 0.000 0.000 0.000 0.000 0.000 0.000 0.000 0.000 0.000  
0.000 0.000 0.000 0.000 0.000 0.000 0.000 0.000 0.000 0.000 0.000 0.000 0.000 0.000 0.000 0.000 0.000 0.000 0.000 0.000 0.000 0.000 0.000 0.000 0.000 0.000 0.000 0.000 0.000 0.000 0.000 0.000 0.000 0.000 0.000 0.000 0.000 0.000 0.000 0.000 0.000 0.000 0.000 0.000 0.000 0.000 0.000 0.000 0.000 0.000 0.000 0.000 0.000 0.000 0.000 0.000 0.000 0.000 0.000 0.000  
0.000 0.000 0.000 0.000 0.000 0.000 0.000 0.000 0.000 0.000 0.000 0.000 0.000 0.000 0.000 0.000 0.000 0.000 0.000 0.000 0.000 0.000 0.000 0.000 0.000 0.000 0.000 0.000 0.000 0.000 0.000 0.000 0.000 0.000 0.000 0.000 0.000 0.000 0.000 0.000 0.000 0.000 0.000 0.000 0.000 0.000 0.000 0.000 0.000 0.000 0.000 0.000 0.000 0.000 0.000 0.000 0.000 0.000 0.000 0.000  
0.000 0.000 0.000 0.000 0.000 0.000 0.000 0.000 0.000 0.000 0.000 0.000 0.000 0.000 0.000 0.000 0.000 0.000 0.000 0.000 0.000 0.000 0.000 0.000 0.000 0.000 0.000 0.000 0.000 0.000 0.000 0.000 0.000 0.000 0.000 0.000 0.000 0.000 0.000 0.000 0.000 0.000 0.000 0.000 0.000 0.000 0.000 0.000 0.000 0.000 0.000 0.000 0.000 0.000 0.000 0.000 0.000 0.000 0.000 0.000  
0.000 0.000 0.000 0.000 0.000 0.000 0.000 0.000 0.000 0.000 0.000 0.000 0.000 0.000 0.000 0.000 0.000 0.000 0.000 0.000 0.000 0.000 0.000 0.000 0.000 0.000 0.000 0.000 0.000 0.000 0.000 0.000 0.000 0.000 0.000 0.000 0.000 0.000 0.000 0.000 0.000 0.000 0.000 0.000 0.000 0.000 0.000 0.000 0.000 0.000 0.000 0.000 0.000 0.000 0.000 0.000 0.000 0.000 0.000 0.000  
0.000 0.000 0.000 0.000 0.000 0.000 0.000 0.000 0.000 0.000 0.000 0.000 0.000 0.000 0.000 0.000 0.000 0.000 0.000 0.000 0.000 0.000 0.000 0.000 0.000 0.000 0.000 0.000 0.000 0.000 0.000 0.000 0.000 0.000 0.000 0.000 0.000 0.000 0.000 0.000 0.000 0.000 0.000 0.000 0.000 0.000 0.000 0.000 0.000 0.000 0.000 0.000 0.000 0.000 0.000 0.000 0.000 0.000 0.000 0.000  
0.000 0.000 0.000 0.000 0.000 0.000 0.000 0.000 0.000 0.000 0.000 0.000 0.000 0.000 0.000 0.000 0.000 0.000 0.000 0.000 0.000 0.000 0.000 0.000 0.000 0.000 0.000 0.000 0.000 0.000 0.000 0.000 0.000 0.000 0.000 0.000 0.000 0.000 0.000 0.000 0.000 0.000 0.000 0.000 0.000 0.000 0.000 0.000 0.000 0.000 0.000 0.000 0.000 0.000 0.000 0.000 0.000 0.000 0.000 0.000  
0.000 0.000 0.000 0.000 0.000 0.000 0.000 0.000 0.000 0.000 0.000 0.000 0.000 0.000 0.000 0.000 0.000 0.000 0.000 0.000 0.000 0.000 0.000 0.000 0.000 0.000 0.000 0.000 0.000 0.000 0.000 0.000 0.000 0.000 0.000 0.000 0.000 0.000 0.000 0.000 0.000 0.000 0.000 0.000 0.000 0.000 0.000 0.000 0.000 0.000 0.000 0.000 0.000 0.000 0.000 0.000 0.000 0.000 0.000 0.000  
0.000 0.000 0.000 0.000 0.000 0.000 0.000 0.000 0.000 0.000 0.000 0.000 0.000 0.000 0.000 0.000 0.000 0.000 0.000 0.000 0.000 0.000 0.000 0.000 0.000 0.000 0.000 0.000 0.000 0.000 0.000 0.000 0.000 0.000 0.000 0.000 0.000 0.000 0.000 0.000 0.000 0.000 0.000 0.000 0.000 0.000 0.000 0.000 0.000 0.000 0.000 0.000 0.000 0.000 0.000 0.000 0.000 0.000 0.000 0.000  
