  0.0000 
  0.0000 
  0.0000 
  0.0000 
  0.0000 
  0.0000 
  0.0000 
  0.0000 
  0.0000 
  0.0000 
  0.0000 
  0.0000 
  0.0000 
  0.0000 
  0.0000 
  0.0000 
  0.0000 
  0.0000 
  0.0000 
  0.0000 
  0.0000 
  0.0000 
  0.0000 
  0.0000 
  0.0000 
  0.0000 
  0.0000 
  0.0000 
  0.0000 
  0.0000 
  0.0000 
  0.0000 
  0.0000 
  0.0000 
  0.0000 
  0.0000 
  0.0000 
  0.0000 
  0.0000 
  0.0000 
  0.0000 
  0.0000 
  0.0000 
  0.0000 
  0.0000 
  0.0000 
  0.0000 
  0.0000 
  0.0000 
  0.0000 
  0.0000 
  0.0000 
  0.0000 
  0.0000 
  0.0000 
  0.0000 
  0.0000 
  0.0000 
  0.0000 
  0.0000 
  0.0000 
  0.0000 
  0.0000 
  0.0000 
  0.0000 
  0.0000 
  0.0000 
  0.0000 
  0.0000 
  0.0000 
  0.0000 
  0.0000 
  0.0000 
  0.0000 
  0.0000 
  0.0000 
  0.0000 
  0.0000 
  0.0000 
  0.0000 
  0.0000 
  0.0000 
  0.0000 
  0.0000 
  0.0000 
  0.0000 
  0.0000 
  0.0000 
  0.0000 
  0.0000 
  0.0000 
  0.0000 
  0.0000 
  0.0000 
  0.0000 
  0.0000 
  0.0000 
  0.0000 
  0.0000 
  0.0000 
  0.0000 
  0.0000 
  0.0000 
  0.0000 
  0.0000 
  0.0000 
  0.0000 
  0.0000 
  0.0000 
  0.0000 
  0.0000 
  0.0000 
  0.0000 
  0.0000 
  0.0000 
  0.0000 
  0.0000 
  0.0000 
  0.0000 
  0.0000 
  0.0000 
  0.0000 
  0.0000 
  0.0000 
  0.0000 
  0.0000 
  0.0000 
  0.0001 
  0.0001 
  0.0001 
  0.0001 
  0.0001 
  0.0001 
  0.0001 
  0.0002 
  0.0002 
  0.0002 
  0.0003 
  0.0003 
  0.0003 
  0.0004 
  0.0004 
  0.0005 
  0.0006 
  0.0007 
  0.0008 
  0.0009 
  0.0010 
  0.0011 
  0.0013 
  0.0014 
  0.0016 
  0.0018 
  0.0021 
  0.0023 
  0.0026 
  0.0029 
  0.0033 
  0.0037 
  0.0041 
  0.0046 
  0.0052 
  0.0058 
  0.0064 
  0.0071 
  0.0079 
  0.0088 
  0.0097 
  0.0107 
  0.0118 
  0.0130 
  0.0143 
  0.0157 
  0.0172 
  0.0189 
  0.0207 
  0.0226 
  0.0246 
  0.0268 
  0.0292 
  0.0317 
  0.0344 
  0.0372 
  0.0402 
  0.0434 
  0.0468 
  0.0504 
  0.0542 
  0.0582 
  0.0623 
  0.0667 
  0.0713 
  0.0761 
  0.0810 
  0.0862 
  0.0915 
  0.0971 
  0.1028 
  0.1086 
  0.1147 
  0.1208 
  0.1271 
  0.1335 
  0.1400 
  0.1466 
  0.1533 
  0.1599 
  0.1666 
  0.1733 
  0.1799 
  0.1865 
  0.1930 
  0.1994 
  0.2056 
  0.2116 
  0.2174 
  0.2229 
  0.2282 
  0.2332 
  0.2378 
  0.2420 
  0.2459 
  0.2493 
  0.2522 
  0.2546 
  0.2566 
  0.2580 
  0.2588 
  0.2590 
  0.2587 
  0.2577 
  0.2561 
  0.2539 
  0.2511 
  0.2477 
  0.2436 
  0.2389 
  0.2336 
  0.2277 
  0.2212 
  0.2141 
  0.2066 
  0.1985 
  0.1899 
  0.1809 
  0.1715 
  0.1617 
  0.1516 
  0.1413 
  0.1306 
  0.1198 
  0.1088 
  0.0978 
  0.0866 
  0.0755 
  0.0644 
  0.0533 
  0.0424 
  0.0317 
  0.0212 
  0.0109 
  0.0009 
 -0.0088 
 -0.0181 
 -0.0271 
 -0.0356 
 -0.0437 
 -0.0514 
 -0.0586 
 -0.0653 
 -0.0715 
 -0.0773 
 -0.0826 
 -0.0873 
 -0.0916 
 -0.0954 
 -0.0987 
 -0.1015 
 -0.1039 
 -0.1059 
 -0.1074 
 -0.1086 
 -0.1093 
 -0.1098 
 -0.1098 
 -0.1096 
 -0.1090 
 -0.1082 
 -0.1072 
 -0.1059 
 -0.1045 
 -0.1028 
 -0.1011 
 -0.0991 
 -0.0971 
 -0.0950 
 -0.0928 
 -0.0906 
 -0.0883 
 -0.0860 
 -0.0836 
 -0.0813 
 -0.0790 
 -0.0767 
 -0.0745 
 -0.0722 
 -0.0701 
 -0.0679 
 -0.0659 
 -0.0639 
 -0.0619 
 -0.0600 
 -0.0582 
 -0.0565 
 -0.0548 
 -0.0532 
 -0.0517 
 -0.0502 
 -0.0488 
 -0.0475 
 -0.0462 
 -0.0450 
 -0.0439 
 -0.0429 
 -0.0419 
 -0.0409 
 -0.0400 
 -0.0392 
 -0.0385 
 -0.0378 
 -0.0371 
 -0.0365 
 -0.0360 
 -0.0355 
 -0.0351 
 -0.0347 
 -0.0344 
 -0.0341 
 -0.0339 
 -0.0337 
 -0.0336 
 -0.0336 
 -0.0336 
 -0.0337 
 -0.0338 
 -0.0339 
 -0.0342 
 -0.0344 
 -0.0348 
 -0.0352 
 -0.0356 
 -0.0362 
 -0.0367 
 -0.0374 
 -0.0381 
 -0.0388 
 -0.0396 
 -0.0405 
 -0.