0.0000 
0.0000 
0.0000 
0.0000 
0.0000 
0.0000 
0.0000 
0.0000 
0.0000 
0.0000 
0.0000 
0.0000 
0.0000 
0.0000 
0.0000 
0.0000 
-0.0000 
-0.0000 
-0.0000 
-0.0000 
-0.0000 
-0.0000 
-0.0000 
-0.0000 
-0.0000 
-0.0001 
-0.0006 
-0.0036 
-0.0212 
-0.1238 
-0.7107 
-3.9964 
-21.9367 
-117.2029 
-608.3300 
-3064.6579 
-14984.3787 
-71145.2910 
-328332.2663 
-1474520.8838 
-6452341.5139 
-27547745.6135 
-114900436.3874 
-468776350.8112 
-1872955507.7821 
-7336319180.1219 
-28199827157.9337 
-106466483675.5919 
-395096915799.4387 
